108 104 100  94  87  71  65  54  47  29  25  20  17  18  14  13  10   8
   7  12  24  30  32  34  42  46  44  48  49  74  83  96  85  79  64  68
  70  78  86 109 162 166 179 190 205 224 265 261 241 275 267 253 230 219
 225 196 186 164 144 130 112 132 106  97  99  77  84  80 105 111 107 102
 110 118 134 120 123 174 181 204 194 182 195 223 268 329 371 370 365 384
 396 442 467 456 477 468 470 435 402 382 392 379 431 455 458 459 482 478
 483 509 522 504 471 401 432 487 526 510 499 479 497 514 528 529 530 527
 523 512 508 516 513 518 515 517 520 524 525 521 511 507 506 503 488 480
 485 489 476 464 465 472 475 473 457 446 452 386 406 422 337 347 290 220
 217 239 199 238 251 330 274 229 137 122 127 165 152 232 228 227 208 159
  92  41  50  56 103 147 282 303 305 321 339 319 294 277 254 209 198 176
 135 119  75  73  67  91 136 131 213 320 301 327 350 336 356 369 377 389
 398 385 411 486 502 492 496 493 484 494 481 469 463 447 445 437 427 424
 417 420 423 426 438 408 415 425 413 387 358 342 325 306 288 291 264 237
 221 218 189 203 143 169 160 161 151 156 200 201 177 154 175 183 188 187
 146  62  61  95  88  98  69 117 157 139 173 293 266 355 360 375 394 393
 441 443 466 421 378 353 331 317 314 256 244 240 222 192 243 278 285 302
 311 341 363 361 354 383 390 491 500 501 498 461 433 359 367 364 376 368
 346 333 323 283 247 233 206 286 338 362 373 381 388 391 405 404 397 403
 414 416 436 439 444 434 451 448 453 460 429 409 399 310 280 255 191 138
 148 155 145 197 271 269 276 263 242 236 216 180 158 149 153 178 210 231
 272 259 252 260 287 297 298 304 289 309 322 315 296 300 312 328 348 352
 357 366 351 307 262 211 185 163 133 115  66  63  60  19  16  15  26  28
  22  11   9   6   2   1   5   3   4  23  33  35  45  55  57  59  72 124
 140 150 168 193 215 214 246 257 258 273 279 284 245 248 249 299 281 308
 292 212 170  76 101 116 128 121 142 184 171 172 202 235 295 326 345 324
 340 344 334 374 380 410 430 419 407 418 400 395 428 450 474 490 495 531
 532 519 505 462 454 440 449 412 372 349 335 343 332 318 316 313 270 250
 234 226 207 167 141 129  89  58  40  27  21  31  39  38  36  43  37  51
  52  53  93  82  81  90 125 126 114 113]
